(1,1444,isbn,9782070548064)
(2,1444,appletId,1)
(3,1445,isbn,3760125572246)
(4,1445,appletId,1)
(5,1446,isbn,3760125572253)
(6,1446,appletId,1)
(7,1447,isbn,3760125572260)
(8,1447,appletId,1)
(9,1448,isbn,9782092512593)
(10,1448,appletId,4)
(11,1449,isbn,3760125572307)
(12,1449,appletId,1)
(13,1450,isbn,9782092512456)
(14,1450,appletId,4)
(15,1451,isbn,9782092513439)
(16,1451,appletId,4)
(17,1452,isbn,9782092508053)
(18,1452,appletId,4)
(19,1463,isbn,3760125572345)
(20,1463,appletId,1)
(21,1464,isbn,3760125572352)
(22,1464,appletId,1)
(23,1465,isbn,3760125572369)
(24,1465,appletId,1)
(25,10,isbn,1000000000000)
(26,10,appletId,10)